%YAML:1.0
---
Hmtx: !!opencv-matrix
   rows: 3
   cols: 3
   dt: d
   data: [ -1.7317831350432573e+00, 5.2877111723320800e+00,
       -1.1921133292801776e+03, -1.2622942120281457e+00,
       -7.9355728445200890e+00, 1.3616889732379134e+03,
       -4.7608428433913393e-04, -8.8774435206672685e-03, 1. ]
